941415069
956064971
941101228
930429015
680108919
941639901
941279779
453220509
930622075
940535360
630288856
391902797
203713023
630891904
470439599
450308484
450340688
370618939
753052953
351955872
611649250
262525968
362169147
362167920
951115230
540505989
930415219
222325405
390845590
391834962
810221486
521682858
390944012
451257972
952477294
870741588
470566524
363196629
541904435
841337350
951183919
850313268
910848698
111661359
710403278
951643360
920019395
371119538
363637465
371363001
860320447
880401489
941243669
161540394
814791043
680395200
135596796
141772971
941156596
640324402
591479658
660258919
474572658
381359180
951644629
900779996
952413596
480892178
951914489
111633563
951643327
480581968
221494440
450233470
951643325
061562701
752426010
951643359
900909506
111871039
720423659
161165049
131740127
752765566
111635088
752246348
941201197
222977312
113438973
133746997
223452311
223452306
752428911
150533578
150524324
160960470
160743921
150532180
320483994
822771391
210634572
221487243
840166760
150559686
930386936
382602147
340726081
383975135
221487305
901000718
420698265
421487967
223548695
741180155
815034179
221487148
221500556
592951990
356067049
221537688
910568304
930583856
743177454
480637331
231550955
611570855
205126945
461629800
362276984
651219504
710236856
825426152
363208390
911307555
310537504
208065139
232654910
650543088
900059117
440545297
221487330
680273974
474717998
810232121
720551963
510216586
223452412
222783298
590973502
452694620
824372339
581425000
455023260
410956618
390908320
591113901
822567308
410811697
390808442
381405141
841715908
910433740
910545036
436004544
710664687
112626155
486099245
610594620
831362276
560543246
111635081
381426919
381459362
390804125
390808498
411754276
390704510
420680355
421320763
900640432
470376604
344428256
386108110
390929538
311161086
382796005
383049015
311626179
344430849
341883132
344446484
410729979
208316475
581734026
161533232
310564121
310809436
590898901
630307306
270712680
310537095
221487322
221820210
310536662
381984289
340898745
750800628
160743102
560636250
210634964
210634484
561376950
540696355
381358208
473793197
391528430
310536981
311079309
221487173
210660835
210662542
540622371
560547479
362169179
474837308
450310462
310621866
560554230
561376368
560928089
810392231
880065829
350876396
620479367
860181654
363379150
561340424
160743310
131974191
421101835
951644036
951643336
592108057
593256803
593140669
593149293
742206635
208488713
742225672
391365168
942823538
131740274
941156621
470379754
473869194
822736786
273532963
940760193
351932442
263162145
350867958
951683892
940562680
262037695
941623075
351814660
010646166
815174295
453220509
940535360
930110095
931329784
952224265
146019179
943480131
815056290
150532054
473825106
720692834
640889822
262772226
237042323
990298651
273868479
742427148
314391798
351720796
111630755
810463482
942988520
352090919
930396847
930391573
111704595
840175870
341369963
931305493
430654874
112050523
111888924
150533577
311518658
141338467
221714106
141338586
351786005
431707306
742849611
440565393
352410801
720467503
341893439
340714756
421707837
480577664
221487307
481203262
562488077
480543792
420504780
421009175
420933383
370681540
344428218
344441792
370661223
420680452
420710268
390806367
481155548
431747502
420680354
420680337
362739299
382947657
381357020
860096775
232720289
431735565
390819992
680395149
910171250
911286274
381490180
010649794
150532220
455563741
141885340
660227304
381358172
161137084
941458282
382027689
223227943
141372647
381360584
383218134
111631837
111665825
581581103
742517055
376062326
160743032
370692351
421019872
550372580
141338465
311524546
566024172
470376606
610525158
111633487
461285811
452230827
480577658
111667761
112837244
131725076
746083124
111562701
210634462
111630914
810232122
131624070
910655392
251925187
751912147
651301877
411801967
311667875
410837659
470796875
134111638
112868878
113241243
381415390
550357045
630385130
730570773
131624135
390806395
112241326
480630224
310645626
640303091
160743192
810475376
010782751
912154267
362170155
550629032
820146328
611297707
160743979
340714585
391904975
341425870
470385129
620790132
620636239
581897274
820906268
680673354
344427944
620528340
620545814
590624424
621373691
464420358
454165628
475387418
590774199
810231793
590855412
590594631
680249685
510216587
590624462
590724462
741393060
540560500
111631796
470426285
941461843
721561061
237221763
570359174
111352310
132997301
160743134
160743029
133957095
160743966
721479692
271344467
446005758
150584188
344428232
341902731
010211783
752702388
850105601
381901104
160743226
592043026
510216589
340714583
570342027
396089134
390871113
390807068
390869788
390806359
390824015
237094247
640770155
390812532
636001820
710249735
454166209
590634433
710561765
570360499
570828733
571067254
160743905
341623770
160835446
810600548
263778478
201486678
951684082
131740126
541453954
540525802
481226833
550420956
141338413
550525724
470378779
540620889
370662561
720502505
131739922
362264414
111631759
930622075
150532245
141338428
930429015
310993422
470408242
390830664
731280067
272305304
314379443
311072406
161576637
450232743
660371418
420842204
150533564
481226831
481236156
341407259
352362438
470841285
462916938
470376552
462931956
111986351
131740130
486005089
131740114
550383321
910565539
550643304
550359755
221546163
910567263
941044474
550379108
951652916
610445850
432040599
341883284
951816005
030107360
111839362
810232406
841276376
550491651
610703799
840586742
473448483
222807681
940382780
550375433
941279779
941101228
111631746
370860281
812240617
951816017
860137567
952282647
952294234
941415069
956064971
990107330
456013474
340714357
460361016
870543342
541547408
540261840
344428205
810303913
912153073
411384358
751752253
451502252
752770738
756001743
752678857
752771437
751438726
540506331
450458242
111631788
752890358
751047527
432008974
751648589
210634532
751977850
751748586
111631781
010263198
210634562
550611919
750972805
470662290
550526150
131740120
351967665
351972384
352087092
471753440
161492011
390813416
202401676
351970706
350868085
540715569
111639818
590638499
344430716
540555201
363261413
131740119
470481628
621114867
800584319
460274380
540648699
383952644
410907986
410786046
160743024
390926284
310785684
741461220
390808509
350868133
942854057
131739937
455055149
431343281
273970823
350868132
821406555
952082686
481178846
362414944
350877574
141340054
131624096
135564934
941639901
680108919
201106426
840469270
273993262
135562304
160743094
430688874
593284221
470486026
150539039
420707096
730657693
382776791
381676780
941105628
910511770
720423603
381359218
470366569
813021580
160743163
550356996
381359087
741287016
660571457
223601678
010212435
010211551
340753531
010545327
310929576
474196634
146049030
141364536
440579850
237379161
431550298
540853898
430653587
610518022
460232450
273208969
391536207
344429514
141731786
430738490
860171900
540566100
930602940
626002604
860732836
742548761
370662580
840425720
840417134
841103606
363517697
411456897
410991680
410693880
411592761
271757642
640833381
260792328
201835779
640655993
300078435
880502320
261635811
640345119
042103543
150552726
344428214
391028081
411865874
840482695
390773970
560603900
356001540
344428598
411949230
452964467
730580264
010212444
810231785
480684878
350895832
810231792
810232124
420843389
362193608
311657206
610601267
371305510
161523353
160743187
160762843
160756336
160755761
150548010
410726171
351903507
141349558
141338470
460278210
560529976
911352172
150622079
410714079
314379519
410713913
351069822
350983617
351088640
351865344
610482973
340719172
160755799
450253272
460219795
420860039
042121377
043794775
410855367
311118357
131740122
530204670
221750190
840446259
350892672
611286361
410730602
411763968
420670596
941634554
411293970
710246565
846002707
390872080
460260288
860215065
540505913
381565380
050615150
480576039
750711276
646010402
880405927
951945832
610847215
840563230
720491106
610523304
381455020
363311936
362181997
344477047
770258013
410682405
946050274
470388012
941450151
860422559
391027536
450358986
370624255
720445607
042121317
390808526
042156082
421017512
941668344
237314364
540549603
540553805
660486907
540506332
866007596
752559845
610391376
590637874
710766341
540568001
540480606
362179813
640926753
640819193
640662976
710411459
810530457
810236460
050445136
640751410
043651340
042103881
611272692
550404900
042104434
042103577
560845796
640741047
263075429
222667354
060646755
042103604
550440086
350593390
464249555
481058737
260532635
540505955
352258075
141338471
452896080
640881013
560538020
161012691
453576100
550357050
720652905
043229679
042103612
560600035
750703337
640844470
581711612
610461767
042704686
640682111
620123940
060646741
390806404
582510435
042103606
470482234
720475545
721025017
237134386
586001667
546074580
030179437
610458376
150346515
141364513
042791396
640668465
260532528
941502014
750974351
951683875
510160156
570314381
473712858
621113167
640306253
812772554
510473471
750818178
480543789
570370242
390992883
720535375
453215312
410745522
592447554
900054984
610444716
020222118
581694090
581694098
590657322
222547186
050258812
562005198
640333594
042103586
560585243
264626264
462605366
464958152
592425149
050258896
042794625
550462730
050258954
036013761
610510934
270440772
060646597
050258806
591284678
066068853
060646917
550675666
050259004
263091251
550357057
350877575
560554222
060655131
050258914
350211370
591917016
362174832
610492356
562112733
611388556
390884478
561936354
030219309
390832914
043314093
042767880
042103591
050258905
591945163
222592333
042104338
042768252
911997979
636000090
741100555
561025032
560562293
410808719
750800661
900656139
560623938
560532141
930508781
821682066
581954432
566000064
472540179
560525657
630047680
581645396
640772726
640663760
391091432
621519754
621138045
540573701
522438452
590872594
650232993
591987355
361564290
261214372
621166050
630997281
264019868
560509400
581450888
590910342
900756744
590694358
010238552
421081055
060647014
582149128
362167884
941294954
591171320
314413259
640362400
314379509
200743054
570468486
952821104
391657627
061745397
592315435
030183721
930223960
460255944
582149127
020315693
453765471
222674014
370813229
560530234
591460239
042133860
060646672
060646678
560603898
411804205
020223332
813257997
592477479
590624371
060646886
042103602
010215911
020222150
030107300
010234189
043775926
222520073
362167060
951684089
581588823
810977948
020222157
481226976
560529994
390837206
470426530
481226977
362012788
481226856
860223720
450226729
550484469
610420440
591726273
391030310
410785161
481169103
870257692
060646966
390286215
060646554
050258937
800764192
043633263
560529974
060966963
060250773
060646668
273311774
060646659
570341194
060646715
593458145
821162805
042774441
590675143
450226426
820161600
060646768
060646704
562570686
841421665
060646652
042103590
030181058
460543230
950651579
560642846
382689033
383161753
382383119
381434090
381369611
030185556
381474929
201649466
590747311
592980620
020222215
480561974
381428164
042104298
593234721
362604009
030177161
470468078
381218516
410713914
382146751
042103565
060646559
381420304
381976271
362167785
910564748
480663711
382156872
720500565
480545923
390910727
390794174
020222131
860107344
381368745
752051646
410724034
953782169
060646599
222519813
592650456
431656689
952367304
330449527
042790311
471087427
440577118
440584290
430662495
222537423
042103575
410724029
030179418
222472997
362340313
571017988
566017737
912155626
010211534
010198331
341048666
410706115
010211501
010217211
010263628
043341666
860098923
860260959
620988604
390938661
711045290
440668347
042263040
710644637
370661199
710236870
596031176
710290019
340714643
341571750
710835247
381619577
580566121
208459270
060646844
061422973
475676956
030266986
710772737
060646813
222563241
951934652
951903935
351064295
593322533
840447998
581393820
042769210
820207116
390799566
450227391
630307951
710797499
593051173
273128197
582257925
951643347
480545183
391140373
370647938
420738969
030183483
370661183
371396010
311131099
951831045
610654587
261861676
741471231
060646718
020222152
946174066
770003859
941429628
610444707
610461940
951656366
222594672
750827446
362170833
840404233
611356023
540506463
311716973
541744931
540793767
237424835
900790361
742577746
580566256
520591555
582504530
204560540
941156276
133971298
951647809
660352014
720400933
631143638
362256036
470375220
364724966
581519911
111633486
020280367
640324402
020222242
560583151
020276210
361000540
391139101
470421272
742842747
460450523
263975185
581928247
383647394
454551946
560989789
320265031
410743546
736617937
250965404
990074139
521656507
850141285
720423651
610658773
237426289
362852553
611293786
840438224
391370626
953522679
371705906
330245579
463214504
261938641
561844262
941387866
592319288
530204707
020222140
020222171
020354549
383330803
231352211
461340679
952321786
362170840
591561501
521253920
520591484
480956045
860334996
590624414
730977997
330528802
562070036
430653493
472219204
362200248
731500629
452998842
850138775
231352685
990269825
731008550
463433074
274433830
742941598
263173902
390806250
462288155
430980256
430687077
272716065
231894907
956130458
810245848
941603784
841262971
840405257
730579285
455199762
951691313
710294390
951691011
710329353
236000204
310672132
231360851
480543721
271672159
481253246
710240352
710655753
840460697
710557895
710689680
610605336
463851119
350985964
411620386
362246719
593238634
061705652
810384618
440552485
381443361
941049467
411813221
411924645
452438973
911170040
410695596
390868982
480958974
043730045
270814858
540551711
391138241
710236913
820226453
440607149
390806429
610523298
390964813
382908586
383236977
540506309
240795682
453808607
270842031
411865315
710230218
520610545
042103581
710236917
260806477
820912090
816016920
231352152
481186704
731308273
203069241
951690977
581685139
951644600
362170143
810243720
362174823
816016016
550562976
481158274
820497771
813747248
471161992
271965272
810378200
721495500
471156297
381415623
331216751
230596940
362596381
381459366
231352159
200479568
364251846
010603214
160393490
240800337
481172106
240795463
240786657
910712166
380350304
720423889
593527036
590878982
420890973
721526400
263359979
250984595
450231183
251490707
440629397
453791176
860100882
463123178
364251848
510064326
363488183
770637498
860110232
237218917
730700090
510067938
431936696
743019849
911858433
660561027
610661458
432007492
591943502
720408970
720423635
710245507
710759299
204474637
521638026
741282696
381437919
310537486
310650283
520607949
310537122
480642318
381518643
431767432
820880337
431936699
820844453
820896436
464007700
340714479
386020434
344451872
380833014
273026151
273418360
331007002
010223482
390831153
231352191
954896822
420680407
742323822
556000526
465338502
812677745
461393755
383369438
430666765
232176963
720864449
208295721
561509260
951642394
941196203
410844574
310678022
453957368
452696517
520795508
311097818
251244202
232794121
581973570
381559180
621636465
520607971
386000029
526049658
362170866
020222791
730579295
520698850
610461753
941437713
741303720
352228583
560691100
205077249
813048423
582200195
582155150
300999841
463607347
620924706
824194264
720408984
592142859
201645949
200991990
720411322
380997730
753054855
521289729
462097818
200925675
381359247
741109836
310538525
381671120
381443395
940382330
150532221
160743209
231476328
520591639
521362793
910564491
910715805
520679694
520591483
910565546
391568865
383160564
231352174
520591667
391834639
390902199
390806315
383322109
381359063
382377821
390807063
582179986
390907740
520689917
720408982
381358212
741595711
850442957
741161944
752586857
390816857
390808503
390873606
721531917
390807065
390905385
463053684
830300467
465032999
741166904
751777119
751844139
751037226
391264986
582322328
520610538
390816818
580566213
520445374
203749695
274434451
742519752
202850920
751008430
810291695
381490190
381576680
381360526
465033192
751837454
820551704
751037591
454510252
473539943
710772959
930430029
420698295
410695603
390816845
390808443
391390638
450226553
550477361
390985690
390973724
460233030
450226711
020226774
460226738
420680370
410853163
822748395
460234354
460224598
410919153
460225483
521341890
460224604
231913910
520591612
520591531
460230199
470463911
273850988
582175978
390807236
237067206
237013497
610965365
250965274
250987222
460224743
010553478
820200895
820200896
362183812
473752176
261720984
810515463
251002937
271789847
580566223
271790052
742898615
850106941
231360854
230465970
410693877
380593405
232421970
521169362
470544098
710236857
450119890
611345363
620532345
611334601
810817660
231689692
261699000
311538725
232810852
560543238
560552787
562276994
731444504
731192765
520591684
521452024
611400619
010130427
731089149
752796815
010215227
231365353
204943109
311439334
382589966
451027361
250965237
810405434
250965406
342032340
530196580
237429117
230469150
741109665
751976930
382113393
310833936
900779828
811708177
381368360
750818167
141338544
232829095
141348692
460360899
460319070
741153067
411811073
232825878
386005550
251494705
141338457
420796764
240798681
160743037
465143606
231352203
231352213
221494454
311373080
141338386
232826045
362338884
231352208
362179764
590791028
231381447
411884597
592301233
450306787
560554202
381456056
350868130
510103684
561484844
731034824
410695604
480774005
390890676
240795436
231352160
231529076
520486540
521372665
630308739
371208459
760591590
520607913
250965598
556005561
454394739
251550350
420680391
352391110
726012041
043398280
420733472
591006663
930386868
742759890
270847538
362179802
362170133
350869065
361509000
351712001
351343019
581509251
350784551
350876389
620347580
530196636
460877261
454243702
272192831
731440267
620475842
421470935
730579286
352103153
474063046
352112529
870276435
350869066
621869474
581737573
742761145
350992717
730662663
383833117
203700131
730606129
743107055
351869951
810224734
208072234
263734606
261947374
824314522
741161938
420680308
520738041
261175213
610432526
260335902
430715842
364015560
363332852
760536234
273733278
250965292
251340370
150532254
430652680
134343743
210635001
351841606
610624096
420680448
880213754
450222079
460517825
223612265
410758434
251512436
752771569
362379649
450310159
440661018
274005511
250967480
810269223
680008034
231371947
810231787
233009874
314394942
800785570
582044503
810398400
320007056
223431049
611029768
470537192
411878730
475348597
251801532
680127677
951802779
250965570
237246265
910637400
300752920
581790149
716044543
421178403
520591656
421264647
421336618
810231786
520607921
530196602
420758901
510603966
910939479
240795623
344440884
590683252
231440116
470484764
420782518
470399853
522093120
940545320
470376615
420776568
383835105
470757164
560532309
591009537
231352202
810233499
800618988
520591658
470533373
231534300
910349750
630288861
590624449
260479484
630909073
520591657
621816368
461523194
630931008
540544705
590634434
231352156
630578923
630288864
941439787
752492741
760436439
750755367
930425580
392031968
941156295
810255832
470379836
351107009
470443636
470376601
390987025
350868157
410726173
351738708
264166675
396105970
460726303
752663904
930391614
450226429
810264548
951643373
470379755
550387249
520619000
520591685
521369749
520646893
473884840
520608007
410695602
520591607
520491660
362170152
810286525
521272129
520619006
390806302
522218584
352007327
741385192
910652651
450227012
920037099
450231675
411842965
410706143
540566029
450227752
421500277
237441353
440545289
450227753
362222696
221482276
450447670
250965600
470393176
810226578
352528741
351142669
611740292
463725132
770599553
450227311
810231784
020232673
232935278
311724085
250965579
231512747
370661218
314379491
836000182
454475683
510217097
420818642
730790960
231352187
431960221
231996150
480799105
240792115
010211494
232193572
240795959
560619359
942219349
520607945
300975387
620476282
240862246
540794913
930579722
866007695
820558836
390848401
370661233
390810545
390808480
370792770
390818682
390807060
370663567
371453409
370512290
370661236
261972987
370661244
440580870
421418847
810875069
363616314
560611546
580968382
582026750
810851756
810864789
810837031
205497506
810421823
823745228
582032904
474393589
582095884
390817529
370663568
465322209
232899911
363297173
363965251
352339114
370661238
231352222
231370484
231548822
230794160
231352220
520591628
240798839
251010039
231352181
990251372
990260423
250965210
990073524
300255522
840255530
250585280
850441767
850127924
351410753
141347719
410695598
470379834
042126583
582224545
710276839
231390618
580593388
840935136
580568702
232262852
232523395
391902797
391157876
621220402
330420041
237169043
060646649
237098532
364664248
250965588
440605373
540895648
350811197
231401561
420932564
340714583
208065139
274658935
620544855
232201344
231352166
741393060
830279242
231352204
440537826
264230898
240802108
710407683
366000085
540506321
410721642
631058174
952459796
460246437
810240726
440546366
381738615
410841441
900759236
460226283
450231181
341041385
870419324
920077523
450255914
582002413
460400557
381507302
351330472
450308379
860206928
460391067
410758512
223274755
590624458
810231789
620646012
370661202
810469886
460228038
562592868
390806268
237010520
460239781
460225414
510177273
237022588
466015787
911935159
742044647
580973772
231352115
850289839
481040759
240795411
020483054
370645239
460345312
351403134
450254692
926001607
580603148
370661215
470379039
160743032
160743192
421231996
381415390
731235996
390806324
720995809
237339737
610471581
510069243
470542043
131740110
476028103
230880420
591101553
586025393
582513901
440655986
816016152
860208451
810373589
363808993
350835006
480761700
610668290
351129339
370673506
621113169
010211797
370808925
370684691
043357938
370661208
930505325
430633449
741394418
550540374
370673512
460380552
621046595
237161473
930281321
930386823
930386793
450226419
930618975
381368347
930591528
331065485
660219758
611362001
361703630
131624158
610920842
542142034
481020227
020223321
382800065
742826278
352414105
811312058
381369796
810247969
810420653
237293874
208756459
362448028
450340688
382007629
390892183
481226830
710787860
870396036
030179423
411724637
431704371
431240629
930606316
201244058
381359265
470461859
580655369
450425948
880256932
431741457
370702309
560949273
410307617
841465990
591162148
470388012
310787073
383807713
540560500
620579512
010284446
990107330
521241835
521277417
320326595
480764456
952294234
310949874
060655139
381218485
812240617
370618939
452750258
660428922
660177824
980224967
480576046
592496294
261150091
823914925
160743301
382791823
956006469
952413054
261286647
370684691
630312913
582149128
453765471
381218485
941387866
350835006
980224967
453791176
150532079
391101287
390806265
272153849
800202027
611370196
472189738
830343789
951945832
912154436
474914917
582296052
811723202
352363050
980041019
020222156
810893103
592496294
986000971
363317416
560603925
823914925
582081599
362338884
362179764
550422958
742557820
814322087
370673461
251778644
942916102
830343789
421418132
473035370
860892673
840398876
721532350
240806023
362167847
210635009
951644042
821600494
381303843
420859940
821592230
311551871
480543778
364195126
221773439
611663540
741152597
582081599
581966795
320090450
824052186
240795508
390806265
391101287
421087612
566000674
593122517
952224265
951643989
381507046
464088182
560554209
901000718
910617726
232610538
475670473
