273850988
900790361
231390618
320007056
351125434
562005198
611740292
592301233
590624414
060655131
951831045
821406555
591284678
610668290
432007492
860206928
060646672
591945163
421276632
860223720
810420653
860892673
474572658
452964467
463725132
473035370
900059117
956050344
870470308
461622867
650098016
450226472
953522679
391101287
390806265
463214504
330245579
741385192
371705906
814322087
562276994
954896822
742577746
020315693
020260334
452896080
640844470
640881013
640306253
341571750
986000971
980041019
636000090
473170061
371052020
860215065
380350304
741297210
721289857
480576046
560554209
986001091
980020281
986001091
452694620
930618975
930386793
331065485
930386823
930591528
540544705
941080917
770599553
264166675
208333607
465322209
411811073
204943109
208072234
421500277
454394739
465143606
800785570
581509251
540551711
582081599
560552787
560543238
453957368
460517825
880213754
260335902
274005511
860100882
860110232
263173902
472219204
742759890
263734606
273733278
742761145
463433074
731500629
274433830
462288155
452998842
455199762
730579285
272716065
760536234
331007002
240799343
240806023
240795508
820200895
134343743
820200896
273418360
362596381
364251848
364251846
200778845
751037226
710294390
270814858
453808607
270842031
440552485
710759299
431936699
710240352
431767432
440607149
461340679
710557895
431936696
710655753
463851119
710689680
562112733
911997979
066076412
480545183
043633263
570341194
580566121
821682066
590872594
590910342
591987355
043775926
650232993
522438452
721025017
264019868
592477479
590624371
581694098
260532635
260532528
581450888
042794625
390837206
810977948
540573701
562570686
352258075
820161600
273311774
841421665
560603925
742548761
420670596
452694620
396089134
390807068
390869788
390871113
390824015
390806359
390830664
410907986
800584319
381901104
390813416
815034179
201486678
221820210
570828733
571067254
570360499
455023260
310809436
310536662
260169584
270712680
364195126
263778478
362235165
710855633
540794913
050615150
560619367
710772959
566024172
391030310
366211030
311118357
450447670
742427148
260852656
630312913
880401489
880401489
721444312
920019395
870396036
470537192
430653493
731440267
460246437
751648589
660428922
466015787
592315435
720423603
237022588
752663904
450227753
721495500
010553478
810264548
460219795
480663711
752492741
582306796
392016396
463607347
141372647
272153849
810286525
810291695
222977312
203713023
816016152
383161753
900909506
460226283
810875069
731235996
810269223
730570773
760698013
741356589
460225414
390985690
272153849
810236460
481226976
680008034
261635811
460234354
810255832
465033192
341902731
450231675
450222079
363317416
741356589
363317416
990251372
521277417
043794775
472540179
200743054
450358986
473448483
810392231
420818642
200479568
810530457
542142034
810421823
560691100
481226856
481226833
450119890
351841606
450227311
810245848
452230827
810373589
030240129
030240129
411801967
381415390
450226553
233009874
460380552
560600035
820906268
470544098
450253272
450306787
270847538
390902199
813048423
750711276
450232743
820558836
911170040
450227391
850442957
410808719
421418132
465032999
391365168
391904975
454475683
816016920
240701920
208459270
352112529
581645396
141885340
460400557
581737573
352099320
470399853
273868479
710410601
320090450
752771569
420738969
813747248
390807065
481226831
411384358
200925675
390808503
010646166
836000182
810398400
410758512
475437700
810469886
420890973
750703337
810515463
812792484
363808993
640655993
810893103
450255914
440537826
721526400
320326595
813257997
815174295
330528802
350876389
926001607
342032340
611400619
410786046
730662663
150552726
592319288
450226426
546074580
481155548
231381447
450310159
352103153
710246565
370702309
811312058
200991990
481236156
812798838
810224734
481253246
560509400
260806477
202850920
020276210
410841441
272192831
720995809
381455020
390845590
450425948
311072406
592425149
310993422
450308484
370673461
450254692
453765471
381218485
480761700
410726173
351343019
741461220
432040599
810405434
814670687
450308484
420782518
390905385
460278210
364664248
541904435
300078435
370673461
450308379
630909073
410758434
411763968
866007695
390944012
710835247
811708177
450227012
596031176
370624255
480576046
560949273
383426063
410853163
350784551
421178403
560525657
860171900
042103543
261286647
812677745
450227752
470393176
440580870
340714479
611388556
640833381
390944012
710276839
620988604
420776568
043341666
454166209
223274755
386020434
470366569
250965292
264626264
640741047
410837659
582257925
470426530
453215312
751976930
456013474
261861676
430715842
730790960
271965272
841276376
800618988
463053684
470841285
582510435
450458242
471753440
540505913
460239781
710245507
826000422
460232450
474837308
370512290
481226830
742826278
161540394
240800337
431960221
741471231
273532963
454551946
560529974
460255944
741394418
480545923
930753926
236000204
381565380
460260288
430687077
381576680
352090919
250987222
860208451
061745397
481226977
640663760
410726171
810243720
383049015
610518022
381671120
383647394
710644637
260792328
160755761
261972987
202401676
263091251
314413259
203700131
470421272
150524324
350835006
410706115
431707306
451027361
556005561
621166050
550611919
390929538
460361016
610847215
440629397
741595711
010545327
340898745
770637498
810384618
390848401
470443636
381415623
581393820
752771437
742323822
391657627
752246348
300255522
261938641
311551871
470566524
340714643
611297707
411884597
930606316
420843389
237314364
880256932
941384665
362167785
473825106
201244058
820497771
030177161
370645239
742842747
410307617
820226453
870543342
620924706
464249555
391902797
610624096
610391376
593051173
480630224
381490190
611362001
042126583
410724034
480576039
271790052
390819992
421320763
134111638
870741588
460274380
941384665
420680370
461393755
752246348
753054855
204560540
476028103
250984595
460226738
550477361
371396010
431240629
390806828
381369796
390973724
610471581
273970823
311724085
550379108
810475376
590914771
261720984
610965365
370661208
860215065
470482234
262772226
560611546
630307951
370661218
420680308
390773970
720500565
390704510
383807713
800202027
370684691
460450523
391834962
250998168
800202027
320453405
850141285
621816368
454243702
840586742
250965579
810232406
141772971
383833117
061422973
470468078
273993262
376062326
561340424
310949874
611570855
232720289
610601267
721479692
716044543
640926753
540895648
760436439
454165628
481158274
550420956
742849611
452750258
351403134
860260959
450226729
530204670
571017988
860107344
010223482
631143638
810600548
141364513
710797499
910715805
470375220
381559180
810231786
452438973
470486026
460228038
370661236
420707096
381738615
390938661
264230898
480543792
231440116
640844470
271757642
061705652
540568001
860096775
480577658
240792115
941049467
010211783
742517055
340719172
640819193
952413596
370661215
620579512
204474637
410706143
420710268
381358172
736617937
640668465
751748586
751752253
570342027
470463911
640751410
420860039
160743921
610510934
470481628
450340688
556000526
550462730
520679694
660371418
742519752
731280067
452896080
237042323
810241755
390831153
351129339
421470935
231894907
273026151
743019849
550629032
411924645
680249685
362548549
472189738
351903507
570468486
540549603
550372580
420758901
420859940
470426285
383236977
410695598
660371418
351712001
860334996
621373691
370663568
810463482
410695603
381518643
470533373
730977997
880065829
381619577
550484469
363637465
461285811
470461859
237169043
344477047
240798681
421231996
042133860
352087092
390808498
351970706
421487967
593122517
520607921
460345312
580973772
486005089
990298651
721561061
060878822
640770155
208756459
710236870
810231792
390873606
363311936
680673354
646010402
410844574
411865315
150533578
480561974
160743310
381359180
421087612
391536207
464958152
391140373
473884840
390808526
310650283
383160564
561025032
010263198
680127677
473712858
870419324
560554222
020222242
370661202
237424835
010215227
010227195
610525158
020223321
201835779
930391614
390799566
450226429
420680337
726012041
450231181
344430849
452696517
020222118
381368745
150548010
273128197
370792770
391027536
160835446
331216751
560603900
350811197
420932564
951647809
344446484
473752176
020280367
383218134
752426010
060655139
010263628
540480606
815056290
351967665
370808925
621138045
350877575
250461835
611345363
232193572
480799105
621113167
381443361
311657206
431735565
741153067
311518658
951691011
160755799
860732836
251550350
232899911
381443395
810231789
362179802
160743301
810378200
752426010
390926284
381676780
550359755
464088182
311097818
630047680
381359218
250965210
381459366
237010520
341445390
550562976
390832914
352362438
580655369
410693877
566000064
390808442
352414105
841465990
410721642
237134386
741287016
480892178
410724029
351142669
474393589
381474929
942988520
261699000
420933383
540647482
237013497
593202547
510473471
382908586
370860281
930415219
450231183
410745522
381456056
352228583
582149127
344428205
020223332
660571457
480642318
251494705
464420358
010130427
231352203
931305493
540506309
020226774
450226419
371208459
390804125
710407683
731308273
410743546
470408242
660571457
383975135
751977850
742851819
952459796
240786657
810221486
582513901
475387418
850289839
431656689
550356996
421101835
392031968
560562293
990260423
480956045
150533564
251244202
540566100
222807681
810303913
812772554
160772474
344441792
111633563
366000085
370673512
390908320
431550298
133746997
941502014
381490180
610523298
381507302
030179437
371453409
810226578
810247969
481178846
010211797
464007700
521682858
880405927
920037099
630997281
481058737
410713913
752890358
560623938
640889822
820207116
480581968
730579295
940382780
810232121
550357045
251340370
820146328
710766341
030179423
582224545
386005550
232176963
351786005
830300467
421081055
263975185
150622079
660561027
550357045
042121377
411804205
841337350
480684878
750974351
231352159
816016016
410785161
030183721
640306253
610420440
351869951
390810545
912154437
710403278
910545036
610658773
160743979
550422958
610461940
251010039
481020227
232262852
451257972
720445607
231401561
420796764
593234721
941623075
721531917
421017512
436004544
382007629
020222152
510160156
742851819
271672159
311131099
540648699
752428911
010234189
440655986
810233499
463123178
344428598
931329784
344429514
390808480
350211370
150532180
810231785
461629800
232523395
237094247
460230199
540555201
391091432
020222791
231360854
131739922
620544855
540566029
440668347
361703630
341883132
390806302
470379039
680395200
610594620
680395149
020222156
350900741
680395200
470379834
362170143
390806429
460233030
582077522
232654910
250965598
720491106
460391067
060966963
810240726
371305510
520698850
060646966
160743163
261947374
410919153
371363001
390806404
237426289
271789847
371363001
030185556
560636250
036013761
411949230
390868982
010219904
720864449
911286274
341623770
391370626
210634964
611272692
391834639
363965251
221482276
390964813
462916938
363208390
952413054
222537423
030107300
586001667
840398876
010217211
030181058
231352115
561844262
930425580
390872080
250585280
461523194
362200248
020222171
520591483
010153960
550491651
990269825
460543230
930583856
950651579
743107055
742941598
232935278
475676956
141338470
942219349
381420304
370692351
560538020
010603214
581734026
390890676
510603966
550540374
020222157
550440086
814653630
390806324
640333594
730580264
486099245
630385130
381437919
030179418
263359979
010459837
841715908
341407259
470542043
730606129
411865874
382796005
203069241
830343789
481186704
660258919
850313268
141338467
451502252
621220402
010198331
620545814
383330803
362604009
043229679
263075429
201645949
391528430
941201197
060646741
010284446
391390638
540622371
161137084
621046595
471161992
520591639
010177170
540505955
351064295
362852553
231352202
222541478
370673506
651219504
370692351
660258919
221494454
610523304
473793197
010211503
390818682
111986351
870276435
362167884
481203262
363616314
770258013
420733472
746083124
582026750
840255530
810231787
660227304
237067206
454510252
471156297
910848698
751037591
330420041
231476328
160393490
810864789
362012788
042103575
846002707
660227304
751844139
231371947
146049030
951643989
390808443
710230218
160743966
621114867
141338386
150559686
473793197
356067049
390992883
462605366
381381288
042156082
620790132
420680355
660177824
630931008
314391798
381303843
910568304
341048666
161523353
590898901
205126945
410730602
240798839
350992717
251002937
370662580
370647938
420842204
362179764
344440884
351865344
550375433
050258806
810851756
582155150
030107360
250967480
344427944
113438973
362448028
050258914
541920770
231352220
222519813
480543721
232421970
592980620
930396847
237429117
455055149
560554202
131739937
582095884
453576100
560989789
421009175
941439787
650543088
481040759
042103604
520591555
364113692
030266986
344428214
150539039
460224604
586025393
520591484
440565393
250965570
390286215
411842965
560642846
370661233
201649466
870257692
910349750
710787860
411620386
721470744
141731786
952082686
620701119
474063046
430633449
920077523
750755367
274658935
820551704
231352187
930281321
990074139
141338457
352363050
160743029
590594631
980000061
060646649
221487305
223612265
411592761
510069243
411592761
362264414
521656507
582175978
391157876
840482695
731089149
941668344
850138775
344430716
470376601
221546163
150346515
382689033
250965237
840469270
520607913
540548200
390806250
720411322
146019179
610482973
951816005
752428911
390794174
341041385
560603898
946050274
160743102
390807063
060646599
840563230
520445374
386000029
593284221
430662495
150584188
911307555
232826045
150532054
050258812
222563241
460877261
382602147
361000540
840404233
930386936
221714106
420680354
141349558
731008550
520646893
566000674
350895832
592108057
421336618
141776186
141338465
131740274
560583151
510217097
050259004
742206635
610492356
731192765
135562304
381358208
910712166
020222131
592108057
480774005
840460697
581667166
042103581
010372148
060646678
620636239
150532079
410713914
310929576
362181997
250965406
260479484
351088640
742206635
060646715
351814660
560530234
362183812
237218917
161471634
362379649
208316475
043651340
205077249
381368347
111633487
631058174
561376368
912154438
208488713
150532220
621519754
742557820
911307555
160743226
411293970
593256803
381984289
580568702
410695602
731444504
593149293
930386868
540853898
161492011
370661244
742225672
362170133
390806395
462931956
160743094
223227943
470796875
592951990
340714581
111667765
510064326
593256803
640772726
340714771
560547479
640345119
720408982
240795436
752586857
042104338
750818178
232794121
941243669
340726081
930110095
941156295
237339737
582044503
592951990
210662542
020354549
231550955
941243669
460225483
223431049
951903935
470662290
432008974
410811697
231352211
520607945
470379755
520491660
208488713
460726303
231548822
952477294
350868130
060646766
010285286
361564290
570314381
205497506
381359265
611356023
010215911
060646559
610461767
520619006
560543246
390816818
540553805
010212435
860320447
912154441
430653587
250965404
231352156
131740120
231360851
250965588
273208969
581425000
840446259
630891904
231529076
351932442
351069822
830279242
261214372
460360899
274434451
390808509
161012691
581519911
010524834
141340054
470378779
210634572
210660835
520619000
010212444
362170155
410855367
340714756
710236913
390907740
751777119
160762843
941156596
446005758
370663567
581425000
550404900
042103612
160743024
941156596
370662561
231352208
541820093
420680391
521369749
113241243
222520073
050445136
344451872
111661359
470385129
540696355
221487148
231370484
520591667
351738708
591479658
042103577
710249735
251512436
370681540
112837244
562488077
230794160
310537095
440584290
951643373
752678857
470379836
951656366
930430029
810233121
640362400
610461753
941429628
344428794
381369611
610605336
240795411
620475842
272305304
751438726
742898615
060647014
460224598
222674014
912154436
390807060
440546366
344428232
141338373
382146751
540525802
520607971
911935159
381359247
341883284
930508781
540261840
311716973
593527036
314379491
941450151
222325405
455563741
630308739
550387249
356001540
593322533
510141601
560529976
440579850
951643347
390847631
570314409
941634554
580566223
421019872
951643347
363379150
111635088
591460239
020222150
470376615
391028081
411456897
381428164
352007327
131725076
480547719
582200195
131740118
411456897
131725076
521638026
880502320
020483054
410682405
314379519
480577664
111665825
131740119
720423635
550383321
610654587
474914917
630578923
030183483
141338544
341369963
510141601
520591607
752770738
561484844
210635001
350985964
710561765
420680407
020222215
141347719
010211551
741161944
910171250
742577746
010211534
582322328
951914489
237441353
222667354
951802779
530196636
390987025
066068853
060250773
942823538
660219758
951914489
362167920
222547186
951945832
810232124
250965600
240795463
150533577
521452024
710411459
060646755
042103565
042103602
474717998
720467503
362170152
630288861
112626155
250965274
941387866
382776791
311667875
640682111
751041154
813021580
800764192
710329353
240795623
240862246
111871039
520610538
350877574
111631837
580593388
363517697
636001820
626002604
521372665
541453954
742044647
636000090
060646844
131740126
741303720
231352181
750972805
203749695
042103586
951684082
111631781
311524546
741109636
952282647
010179500
593140669
042768252
520610545
362338884
311079309
751912147
520591531
593140669
912154439
752796815
210634562
580968382
240795682
262525968
541744931
810837031
150532245
951643336
350868157
391139101
230465970
430738490
751008430
222472997
720408970
626002604
581685139
231512747
620347580
362246719
620528340
581897274
410693880
752559845
363517697
470439599
952367304
621869474
362179813
380997730
381976271
362256036
942916102
941231005
720652905
522093120
362170840
520591612
481169103
410693880
941231005
660486907
381368360
590675143
391568865
540506331
860098923
952821104
592496294
810231793
061562701
251490707
231996150
840425720
361509000
411813221
350892672
231352174
590878982
390817529
510067938
111631759
141338586
221750190
760591590
310645626
731034824
720423659
382800065
350876396
720692834
710290019
370661199
362170866
381434090
940760193
111630914
221500556
592043026
050258896
043398280
231352191
560529994
060646768
060646704
111704595
530196602
310672132
710772737
043730045
520591685
720408984
850106941
474196634
310785684
160743187
420698265
310564121
590724462
237098532
131740127
060646659
943480131
951183919
930391573
951683892
362167847
344428218
910565546
150532221
382791823
450226711
630288856
630288856
390816845
380833014
351720796
263162145
010211494
042103606
141338471
521289729
743177454
042767880
560530233
951643325
720475545
720535375
630288864
910637400
420698295
421264647
590973502
042104434
381218516
042121317
462097818
314379509
550525724
956006469
020315693
810232122
430654874
251925187
951816017
350867958
160743905
521253920
470379754
341893439
390910727
060646886
340753531
391138241
221537688
050258937
161576637
866007596
141338547
941437713
111639818
951643325
840175870
951643360
362174832
520607949
060646917
581911751
363196629
590855412
390816857
590973502
231913910
160756336
711045290
750827446
362414944
237293874
590683252
390806315
223452306
251801532
350868133
560532309
111630755
131740122
550357057
840417134
520591684
540506463
592447554
940382330
610920842
550357050
160743037
951643360
261175213
237246265
370661183
060646554
311538725
591006663
710236917
232810852
362340313
160960470
382156872
951644629
951643359
410714079
341425870
550675666
590624449
223601678
941458282
352339114
310678022
221487173
390806367
380593405
060646718
640881013
311480941
910652651
221487322
141338413
350869065
222783298
520689917
741282696
910567263
582179986
582504530
941603784
391264986
382383119
720551963
951643359
362169179
470757164
383322109
730579286
941294954
310537486
581790149
042791396
411878730
621113169
520591657
141364536
840935136
050258905
710664687
610444716
223452412
521169362
581973570
362276984
420504780
237379161
314379443
362222696
560619359
590791028
951115230
350868132
381360526
941080917
520591628
363297173
131740130
590657322
382377821
351107009
111631746
751047527
610458376
381426919
210635009
111667761
910655392
020232673
370661238
620532345
221487330
951934652
581928247
201106426
390884478
230596940
593238634
362739299
060646597
382947657
952321786
390812532
590694358
520591658
910655392
221487307
222594672
480637331
521341890
951644042
730657693
111631788
111352310
581711612
752765566
520608007
470376604
611286361
430652680
741109665
390816848
042103590
470484764
371119538
750818167
481172106
590638499
900759236
430980256
410695604
951683875
111888924
510064318
526049658
223452311
141338428
956130458
540505989
330449527
390807236
582149128
431704371
112050523
310537122
752765566
370661223
430688874
951644036
311126469
770003859
581581103
135596796
580566213
131974191
570359174
440545297
741109836
470376552
351972384
611334601
841262971
640303091
450310462
440545289
111839362
223548695
381362830
860137567
210634532
421418847
381359063
752702388
590624462
741161938
141348692
440661018
710236857
382589966
221494440
150532254
381358212
382027689
231534300
810231784
460319070
010211501
582032904
520738041
620123940
590637874
590624424
752051646
237221763
221773439
320483994
930223960
226019101
930602940
311626179
591113901
320265031
930579722
680273974
042769210
570370242
591113901
640662976
310538525
520486540
232825878
592142859
540793767
383369438
561376950
161165049
951691313
060646813
042704686
520795508
860422559
381359087
251778644
480543789
111631796
756001743
750800628
581966795
362193608
362170833
561936354
411754276
350868085
131624070
630307306
344428256
582002413
592650456
900779828
841103606
951643327
231352222
350593390
383835105
590634434
311373080
020222140
941461843
350869066
240795959
953782169
410729979
271344467
231352152
910565539
521272129
560554230
751837454
210634484
621636465
990073524
420680448
231352204
410956618
951690977
951643327
521532556
222592333
270440772
611029768
410695596
522218584
112868878
396105970
340714357
730700090
420680452
381360584
231365353
561509260
840438224
111635081
132997301
371623919
530204707
560928089
231352213
590774199
900640432
231352160
135564934
840166760
530196580
610445850
550643304
720400933
060646668
460224743
350983617
590747311
822771391
910511770
560845796
710236856
620476282
540715569
030219309
160743134
720423651
421707837
221487576
042790311
221487243
910564491
231689692
310537504
590634433
550526150
440605373
941156276
364015560
911858433
750800661
540506332
050258954
566017737
363488183
232829095
741166904
593458145
473869194
581694090
161533232
560532141
465338502
310621866
581588823
941156621
440577118
741100555
741180155
720423889
591943502
381405141
352410801
311439334
610703799
362174823
362167060
010238552
352410801
352391110
521362793
431343281
940562680
940562680
620479367
042103881
520591656
741109643
850105601
381405141
510216589
860181654
111562701
560585243
582296052
811723202
910433740
060646652
231352166
941156621
840405257
911352172
951644600
010782751
912155626
541547408
112241326
591726273
821406555
131624096
581954432
370813229
951684089
610444707
651301877
310833936
910939479
540620889
133971298
382113393
314394942
562070036
351955872
720502505
351330472
510216587
410991680
510216587
381459362
741152597
133957095
591479658
611649250
453791176
363261413
510216586
362169147
510216586
753052953
311161086
942854057
383952644
941196203
450233470
900656139
941105628
351410753
562333598
611663540
010649794
621434530
591162148
591561501
364724966
591101553
591171320
310787073
510177273
591009537
900756744
610661458
430666765
951652916
131624158
940545320
620646012
042104298
470376606
042103591
230469150
262037695
540506321
383952644
591917016
900054984
042263040
352528741
043314093
131624135
910564748
042774441
900779996
510103684
590624458
912154267
580566256
160743209
208295721
946174066
131740114
951642394
231352685
340714585
912153073