560619367
361799520
131740118
741356589
382007629
582149127
390806828
472367677
237169376
237169376
593122517
240701920
371623919
161471634
390807236
814072640
986001091
251340370
520698850
560949273
364113692
710855633
310949874
060655139
453957368
581973570
060646766
010284446
431741457
520607921
480764456
510069243
370702309
930606316
591162148
880256932
870396036
810241755
481020227
841465990
131624158
760698013
383807713
237161473
460226283
470379039
320326595
860260959
481226830
591009537
742826278
811312058
611362001
542142034
610920842
741394418
411724637
810420653
580655369
510141601
431240629
431704371
351129339
710290019
390892183
060878822
381359265
370661208
381507046
352414105
208756459
381369796
237293874
710787860
620701119
382800065
460380552
810247969
350593390
930281321
930386823
930618975
201244058
930386793
930591528
331065485
362448028
660219758
361703630
450231181
550540374
370661202
450226419
430666765
370661218
273128197
310787073
480761700
581911751
450425948
010211797
800618988
510177273
420932564
720995809
742851819
470542043
370645239
591561501
237339737
810373589
930505325
586025393
582513901
611740292
610471581
810264548
030240129
440655986
816016152
476028103
591101553
466015787
710236870
370661215
410307617
450255914
420796764
810240726
370673506
620579512
460246437
850289839
460239781
521277417
043357938
320453405
264230898
450308379
231352115
741153067
592301233
421231996
390831153
510064318
481040759
390890676
300975387
363808993
370808925
460225414
390806324
810378200
952459796
410758512
942219349
590624458
240802108
450227753
450254692
231390618
200479568
580593388
730790960
440546366
580568702
250965292
810421823
381368360
364015560
362379649
470393176
870276435
631058174
272192831
273850988
460228038
411884597
411620386
350868130
582224545
020226774
391139101
450447670
351330472
410706143
410841441
920037099
411878730
951644042
410726173
820226453
450222079
710230218
231352166
810233499
820497771
450306787
716044543
371453409
560554202
470461859
237246265
460233030
362222696
920077523
250965588
134343743
352528741
251010039
720500565
274658935
330420041
232421970
240795623
231352202
231689692
830300467
900759236
381507302
560619359
620544855
383835105
310678022
836000182
560611546
823745228
911935159
410695604
341041385
411811073
471161992
410695602
621220402
471156297
231529076
232262852
810269223
521638026
582026750
810837031
410844574
240795411
232523395
520607945
231352160
810851756
470533373
205497506
261175213
390816845
810875069
582095884
810864789
582032904
580968382
480799105
020232673
010223482
237098532
810255832
383369438
810231786
390808443
350869065
390985690
351343019
460877261
351841606
390807065
743107055
352112529
350876389
390902199
390905385
390816818
391390638
350992717
454243702
270847538
390806315
350784551
410693877
352103153
364664248
141347719
351712001
391264986
540506321
390807063
381359247
380997730
390808503
721531917
390907740
390816857
390873606
381576680
381359063
381490190
381443395
383322109
630909073
383160564
381360526
381358212
530196636
630288861
590624449
832249459
630288864
381671120
382377821
630578923
810226578
440545289
440580870
310538525
480543778
261972987
520591657
481158274
461523194
231352156
383833117
232825878
481186704
271965272
730662663
721526400
260479484
203700131
730579286
480958974
264166675
730606129
731440267
620924706
742323822
432007492
743019849
474063046
420733472
592319288
620475842
610523298
620347580
611663540
621869474
237067206
581737573
520607971
910349750
452438973
344451872
726012041
411924645
520619000
411865315
860208451
810398400
410695596
411813221
465032999
233009874
561509260
480642318
251494705
251244202
753054855
200925675
463607347
352339114
363965251
240795682
363297173
473539943
810243720
200991990
231371947
582044503
581509251
610432526
363616314
454475683
526049658
710407683
390806302
390987025
860206928
362170133
560691100
362179802
361509000
396105970
580973772
465033192
463053684
813048423
421418847
150532221
351107009
900779828
351738708
481172106
351869951
350869066
510064318
221482276
352007327
231401561
351403134
591006663
630931008
391834639
810817660
391568865
390807060
390810545
320007056
710236857
463725132
390818682
390848401
390808480
390817529
381437919
582175978
741109636
362596381
352228583
461393755
310650283
310537122
310537486
590634434
582322328
460319070
880213754
237013497
582155150
364251846
231352211
364251848
580566213
364195126
460360899
582179986
362235165
582200195
205077249
460517825
521169362
300999841
824194264
621113169
710329353
831683025
331216751
741303720
581685139
990251372
824314522
621046595
430652680
381459366
250965274
990073524
231894907
381518643
362170840
930425580
386020434
380350304
540506309
240701920
240798681
951691313
330528802
952321786
381559180
630308739
610605336
381415623
870419324
370661238
370663567
470379834
362170143
370792770
370661236
370512290
370661233
370663568
371208459
370661244
250585280
520591684
381738615
813747248
450227391
814322087
300255522
010603214
730700090
731308273
371705906
330245579
953522679
463214504
311131099
381303843
350811197
460224598
450226729
460450523
470463911
460230199
480663711
460225483
460224604
410853163
460234354
410919153
460226738
386000029
420680370
380833014
561484844
382156872
473884840
250965600
250965237
910637400
208072234
231352220
232899911
223431049
231352222
231370484
230794160
231548822
930579722
431960221
581928247
263975185
620988604
383647394
582002413
581954432
460278210
770637498
611293786
742044647
231360854
510103684
230465970
411842965
390806429
383236977
260806477
391138241
420680391
390868982
390964813
381443361
382908586
420890973
431767432
926001607
440607149
351410753
431936699
463851119
710240352
480774005
810231784
710557895
710655753
710689680
860334996
237169043
840404233
237218917
431936696
231352204
010234189
232201344
593238634
470421272
820200895
204560540
820200896
391370626
580603148
370860281
460345312
561844262
870257692
850442957
520591531
566000674
222594672
470537192
421264647
420758901
421178403
610461753
351142669
840935136
270814858
350868157
474393589
320265031
453808607
480956045
270842031
810469886
440537826
730579285
240798839
472219204
463433074
452998842
455199762
274433830
272716065
263173902
462288155
731500629
430687077
430980256
430653493
850106941
731008550
540551711
752796815
751976930
750818167
810515463
752771569
741109836
366000085
680127677
951643373
941156295
550387249
237426289
680008034
363332852
550562976
450226426
942916102
730579295
621434530
060646649
850138775
520679694
520689917
521253920
520591667
520445374
520591484
520610538
362183812
521289729
710644637
462097818
521362793
520591483
420818642
520591639
910652651
042121377
840255530
250965210
941439787
951802779
465322209
593527036
150532254
760591590
237010520
610668290
720408982
590878982
251801532
741109665
344440884
530196580
720408984
720411322
520591555
240806023
240799343
821600494
540895648
941049467
821592230
240795508
550477361
232176963
421336618
742842747
520607949
556005561
362170152
440629397
208295721
810286525
540566029
464088182
710276839
362193608
540794913
452696517
830279242
540544705
314379491
620476282
311724085
731235996
043398280
331007002
770599553
386005550
811708177
621636465
204474637
061705652
816016016
271790052
370684691
430662495
362256036
582002413
420859940
520591628
310833936
930391614
590791028
232810852
311538725
204943109
273418360
420782518
470376615
250965598
133971298
440552485
410721642
231913910
380593405
340714479
231365353
470757164
470399853
470379836
420776568
460726303
810231787
230469150
470376601
470379755
210635009
470484764
911858433
470443636
392031968
951647809
520491660
522218584
520591607
450227012
450227752
521369749
460224743
450231183
520646893
231352685
520619006
520608007
521272129
450227311
941429628
520591685
810224734
860223720
410743546
410758434
611400619
231352152
231352203
231352208
522093120
251550350
231352213
240795436
591943502
521341890
020222140
611029768
221773439
232829095
742759890
454394739
240862246
760436439
465143606
421470935
230596940
263359979
231476328
221494454
060646755
250987222
530196602
520591656
420680308
820558836
420680448
742761145
710759299
910939479
710294390
750755367
520610545
620646012
421500277
440605373
752663904
232193572
421087612
841262971
590683252
240792115
810245848
240795959
232794121
251002937
237441353
930386868
710245507
231512747
450231675
475437700
300752920
231352187
231996150
250967480
271789847
521452024
231352191
223612265
160743037
751037591
410695598
520591658
710236913
710236917
210635001
582504530
810384618
454510252
741595711
741166904
020222171
813040663
741161944
202850920
742519752
824052186
660561027
751037226
751844139
464007700
751837454
751008430
751777119
752586857
820551704
274434451
273026151
203749695
850127924
850441767
450119890
562276994
824757260
510064326
621816368
020354549
311373080
250965570
261699000
271672159
141338544
550422958
750827446
141348692
141338386
231352174
450226711
450226429
610965365
830343789
954896822
450226553
560543238
560532309
560552787
815009488
451027361
043730045
946174066
231534300
941196203
430715842
250984595
731034824
731444504
741385192
731089149
731547175
440661018
382589966
250965579
710772959
831605004
611345363
382113393
362170833
941156276
481253246
410695603
611334601
742557820
951690977
940545320
160743209
810291695
816016920
521372665
311097818
720864449
820844453
610658773
800785570
010553478
520607913
342032340
311439334
520486540
475348597
010130427
010215227
510067938
610624096
010211494
820880337
620532345
610444707
720423889
251512436
390973724
941437713
820912090
940382330
822748395
742577746
231360851
520795508
251778644
741161938
263734606
900790361
521656507
465338502
820896436
473752176
160393490
350985964
556000526
364724966
261947374
760536234
770003859
352391110
760536232
610654587
260335902
273733278
362174823
261720984
020222791
240795463
520591612
840438224
310672132
363488183
420698295
520738041
841949748
910565546
910715805
580566223
240786657
362170866
910564491
910712166
383330803
240800337
956130458
911170040
720423651
720408970
562070036
250979346
721495500
463123178
461340679
951642394
951643347
231352181
810405434
951691011
560583151
231440116
362852553
812677745
860110232
951831045
231352159
860100882
720423635
236000204
731192765
840460697
480543721
470544098
391157876
840405257
460400557
201645949
592142859
420680407
530204707
951644600
510603966
460391067
742941598
840398876
990074139
741152597
941603784
990269825
730977997
951656366
251490707
470375220
510217097
060646718
020223321
736617937
912155626
030266986
610420440
261938641
060646741
630307951
430633449
860098923
020280367
590624414
710797499
390799566
222472997
410706115
222563241
470426530
826000422
030183483
411804205
030181058
411949230
381368745
570341194
043633263
362167884
560642846
381976271
382689033
480545183
381474929
383161753
381218516
560529994
370661183
381434090
371396010
440668347
381369611
381428164
201649466
582257925
560554222
560529974
382383119
383426063
581588823
560525657
710835247
030179423
341048666
464958152
264626264
580566121
481169103
561936354
591726273
800764192
237134386
710766341
010372148
010459837
010211501
043341666
010227195
010211534
010217211
010263628
010198331
590694358
592315435
593322533
381619577
030183721
390832914
640362400
042103602
410745522
341571750
410713914
480545923
340714643
470468078
720400933
390992883
381368347
593202547
472540179
570468486
263091251
480561974
720535375
382146751
440584290
431656689
860107344
030177161
440577118
410724029
951684089
042156082
420738969
471087427
391140373
410730602
391030310
042263040
411763968
566017737
020222242
752051646
952821104
930430029
042103565
020276210
020222118
020222157
042103581
362167060
042126583
560538020
200743054
636000090
710772737
952367304
208459270
950651579
390938661
460543230
560603898
060646652
020223332
060646659
362604009
020222156
610510934
042103575
222537423
821682066
475676956
410724034
370813229
560530233
390286215
610492356
060655131
060646704
611388556
020315693
582510435
362167785
061422973
390794174
590910342
381420304
370647938
593234721
592980620
590624371
060646554
590747311
596031176
042790311
066068853
571017988
592477479
264019868
462605366
390910727
953782169
930223960
590872594
030179418
222519813
043775926
591987355
060646599
141364513
060646715
592650456
060646597
410808719
060646966
060646668
060250773
060646678
237314364
650232993
522438452
042768252
060966963
640333594
941668344
060646768
941294954
330449527
061745397
042774441
314379509
560989789
562112733
042769210
750800661
036013761
630997281
813257997
621138045
581645396
640881013
473712858
911997979
560845796
812772554
010238552
060646813
591171320
421081055
410785161
042133860
060646844
640844470
640682111
621166050
261214372
391657627
453576100
030107300
222674014
591284678
590637874
390884478
314413259
591945163
560585243
050445136
550357050
640663760
620123940
640772726
640306253
043314093
452896080
621519754
823844150
621113167
391091432
582296052
020222152
951683875
050258806
631143638
050258914
951903935
951934652
474914917
811723202
050258954
660352014
050258905
741100555
710411459
592425149
640662976
866007596
042791396
630047680
750703337
581519911
042104298
591917016
640819193
640741047
320583236
640668465
930508781
640926753
640751410
361564290
591460239
050258896
050258937
453072990
050258812
540553805
546074580
752559845
540568001
540549603
540480606
480543789
352258075
610458376
510473471
060647014
273311774
820161600
610444716
390806404
592447554
562570686
222520073
570370242
460255944
550357057
454551946
900054984
043651340
841421665
821162805
750818178
060646672
560530234
042103586
362340313
030219309
141338471
150346515
720475545
810530457
590657322
350877575
390837206
351064295
720652905
550675666
810977948
550440086
060878822
453215312
030185556
540506332
721025017
010215911
260532635
030179437
350211370
481226976
590675143
270440772
593458145
222547186
060646917
362012788
042767880
042103590
586001667
042103577
263075429
260532528
610461767
570314381
481226977
481058737
540505955
020222150
042794625
510160156
810236460
900756744
060646886
581694098
222592333
362174832
370673512
421017512
042103604
660486907
941502014
390808526
370661199
550462730
481226856
060646559
042121317
042103612
043229679
042104338
042704686
042103606
042103881
232610538
222667354
042104434
593051173
470482234
450358986
951683892
562005198
581450888
560532141
560623938
566000064
561025032
560562293
560509400
410682405
381456056
850141285
221820210
210634484
350895832
390944012
391028081
453791176
646010402
720491106
610523304
941450151
363317416
344477047
610847215
020222131
840563230
381455020
362181997
352410801
261861676
450226419
273993262
711045290
480576039
814653630
814670687
160835446
846002707
470566524
391365168
410855367
260792328
362169179
640833381
271757642
640655993
201835779
640345119
880502320
261635811
840447998
223548695
420842204
860732836
742225672
870543342
611286361
941634554
590855412
590624462
640770155
411592761
410693880
363517697
411456897
480637331
310929576
221487322
010649794
050615150
475387418
590724462
590594631
540620889
592043026
590774199
411865874
930386936
381360584
141885340
460260288
820207116
630385130
420670596
411293970
300078435
540648699
540853898
840446259
390872080
822567308
541547408
481236156
370624255
481178846
481226833
481226831
391027536
540506331
341407259
411754276
362200248
310785684
344428598
410713913
340753531
273208969
020222215
590898901
841276376
450232743
452964467
912153073
340714585
390845590
860137567
112241326
112868878
131740118
112837244
111633487
111661359
111667761
111630914
111562701
113241243
131624070
111639818
741287016
131725076
540622371
560928089
561376368
540261840
381565380
831954982
561340424
540696355
221750190
560636250
560547479
560554230
651301877
561376950
824372339
911352172
593149293
390773970
540566100
741461220
810232406
210634964
610601267
540555201
560529976
592108057
371305510
942854057
951945832
810232122
208488713
581734026
710246565
473448483
810231792
840482695
810231785
510216587
431550298
430738490
810232124
850105601
510216586
201106426
640324402
450253272
841103606
840417134
840425720
470378779
730657693
455055149
390808509
474196634
440579850
391101287
430688874
390807236
430653587
370662580
390806265
432040599
593256803
350868133
237379161
810231793
560543246
351088640
351069822
351865344
452230827
460361016
880065829
381358208
592951990
010545327
311657206
350983617
431343281
591113901
362414944
455563741
223601678
391536207
460219795
540715569
860181654
810303913
460232450
470481628
474572658
356001540
210662542
410786046
910171250
450233470
141349558
150552726
141338413
376062326
141340054
131739937
474717998
131740119
310564121
160743024
270712680
310621866
593140669
310809436
310536662
590973502
473793197
751912147
352087092
471753440
810232121
351970706
202401676
351972384
351967665
350868085
651219504
363208390
150548010
720423603
370702309
610703799
141338470
550526150
010211551
410714079
470376606
420860039
480577664
481155548
840469270
450458242
111704595
810475376
420707096
910433740
221487173
660227304
363379150
830976641
470486026
800584319
710561765
610518022
550629032
910655392
952082686
237094247
941044474
941279779
770258013
730570773
930429015
541453954
340726081
680108919
680395149
941639901
314379519
941101228
383952644
941387866
210634562
210634532
208316475
390929538
141731786
411384358
480630224
340714585
111631781
150533564
150532245
161576637
344428214
570360499
263710229
010263198
221546163
570828733
486005089
462916938
131740130
131740114
462931956
860422559
510216589
111986351
381359218
390813416
381359087
272305304
410991680
382776791
382027689
381676780
951652916
880401489
910565539
141338465
381218485
382947657
061562701
111888924
111871039
113438973
112050523
111635088
141338428
340714357
930602940
951684082
636001820
351786005
131740122
111352310
951816005
421009175
383975135
560603900
820906268
470841285
411801967
311667875
630312913
582149128
823914925
453765471
480577658
570342027
626002604
470376552
344428218
135562304
582149127
370662561
430654874
340719172
951644629
566024172
390819992
570359174
571067254
111631788
550491651
160743094
742517055
344428205
344429514
820146328
133746997
620790132
590638499
160743310
160743187
590634433
620545814
620636239
621114867
381490180
320453405
454165628
161533232
621373691
160762843
620528340
680673354
160756336
951643336
383218134
610482973
581897274
381358172
111631759
464420358
161523353
131974191
952413596
912154267
111839362
751752253
042103543
314379443
752770738
432008974
751748586
751438726
751047527
751648589
750972805
751977850
752771437
451502252
752678857
363311936
752890358
756001743
341425870
362264414
860096775
340714583
311072406
310993422
480581968
160743301
910545036
952224265
813021580
731280067
133957095
131740120
942988520
941156621
741393060
131740274
160743134
161492011
940382780
150584188
160743029
840175870
160743966
720502505
742206635
381357020
237221763
208065139
940562680
112626155
910568304
822913146
752428911
930622075
941105628
941461843
610525158
680249685
341883132
383049015
420680355
390806828
550379108
822736786
752702388
386108110
344446484
340898745
344430849
381984289
382796005
344428256
391834962
352090919
550375433
910511770
237042323
350867958
521532556
344430716
010646166
351720796
160743905
160755799
010212444
842670875
201486678
470662290
821406555
251925187
630307306
311626179
743177454
480543792
815174295
351932442
111635081
263162145
262772226
351814660
480684878
363261413
530204670
010212435
351955872
410907986
390808498
470426285
232654910
410726171
710249735
431735565
273532963
952413054
440565393
460274380
562488077
831362276
742849611
431747502
750711276
264021016
470796875
132997301
440545297
431707306
470376604
420680452
135564934
111631796
990298651
680273974
420504780
720467503
370681540
420680354
946050274
340714756
421487967
481203262
390812532
420710268
341883284
131624096
370661223
362739299
341623770
900779996
815034179
420680337
660371418
421019872
390806367
370692351
420698265
161165049
150532180
160743921
161540394
135596796
150524324
141772971
951643359
870741588
160743032
160743192
941458282
222325405
341893439
951643360
710403278
421101835
911307555
814791043
680395200
951643325
362170155
956006469
344441792
205126945
741180155
752426010
956064971
473869194
010782751
930110095
263778478
390926284
521682858
952294234
710664687
860171900
940760193
931329784
752765566
951816017
930391573
951914489
931305493
930396847
752246348
941415069
131624135
990107330
940535360
812240617
453220509
930583856
161471634
550611919
550420956
550357045
930415219
590624424
550650441
410837659
810221486
550356996
150533577
150533578
150532220
900909506
150539039
420933383
261150091
341445390
311480941
210634462
134111638
161137084
720423659
550525724
311524546
350877574
550643304
350835006
350868132
390908320
390808442
390804125
410956618
841715908
455023260
410811697
344428232
550359755
880405927
341369963
111631746
750800628
540505913
474837308
943480131
210660835
550383321
160743979
660258919
311518658
350876396
421320763
410729979
470385129
391904975
810463482
451257972
231550955
262037695
660428922
111665825
470379754
221487307
356067049
390704510
344427944
221537688
311118357
746083124
232720289
840586742
131739922
660571457
456013474
446005758
421707837
420843389
812817266
832351753
310645626
593284221
111630755
720692834
541904435
464249555
900059117
952282647
611297707
710236856
371363001
363637465
941201197
941623075
271344467
160755761
581425000
362276984
452694620
382602147
461629800
371119538
350892672
825426152
030107360
480892178
390807068
390824015
860320447
900640432
311079309
620479367
640889822
473825106
310537504
610594620
581581103
742427148
390871113
454166209
131740126
341902731
131740127
310537095
810600548
396089134
390830664
390869788
486099245
390806359
951183919
910848698
160743226
610445850
470408242
161012691
650543088
160960470
381405141
381426919
381459362
550372580
951643327
361000540
611570855
261286647
010211783
824971362
314391798
221487330
951644036
591479658
043794775
742548761
472367677
540560500
951115230
810392231
942823538
840166760
320483994
540505989
850313268
841337350
721561061
901000718
450310462
753052953
363196629
391528430
262525968
362167920
611649250
450308484
362169147
910567263
710407683
362448028
720445607
203713023
630288856
630891904
362548549